% IFS parameter file dragon.m
parameters=[
0.66	0.66	0	40	0	1.5
0.66	0.66	0	40	0	0
];
